A=[8 -6 2; -6 7 -4; 2 -4 3];
A
a1=A(2:3,[2,3]) %A([2,3],[2,3])
a2=A(2:3,[1,3])
a3=A(2:3,[1:1,2:2])

Y=[1 2 3 4; 5 6 7 8; 9 10 11 12; 13 14 15 16];
Y
y1=Y(2:4,2:4)
y2=Y(2:4,[1,3:4])
y3=Y(2:4,[1:2,4])
y4=Y(2:4,1:3)
